hjw ,718726 ,1 ,18 ,1 ,111 ,407348353314 ,0 ,中公
pzy ,666666 ,2 ,18 ,1 ,111 ,407348353314 ,0 ,南大
wbw ,1537 ,3 ,19 ,1 ,222 ,15371537 ,wbw1537 ,学生
dxh ,0228 ,4 ,19 ,1 ,222 ,02280331 ,dxh0228 ,学生
dz ,666666 ,5 ,20 ,1 ,999 ,777 ,chunzhen ,护工
wangwang ,123456 ,6 ,19 ,1 ,333 ,321 ,wangwang123 ,老师
1 ,1 ,7 ,1 ,1 ,1 ,1 ,1 ,1
2 ,2 ,8 ,2 ,0 ,2 ,2 ,2 ,2
zzy ,123456 ,9 ,48 ,0 ,555 ,123 ,zzy123 ,老师
lyj ,321 ,10 ,38 ,0 ,555 ,123 ,lyj321 ,老师
hjw ,718726 ,11 ,18 ,1 ,111 ,407348353314 ,0 ,中公
pzy ,666666 ,12 ,18 ,1 ,111 ,407348353314 ,0 ,南大
wbw ,1537 ,13 ,19 ,1 ,222 ,15371537 ,wbw1537 ,学生
dxh ,0228 ,14 ,19 ,1 ,222 ,02280331 ,dxh0228 ,学生
dz ,666666 ,15 ,20 ,1 ,999 ,777 ,chunzhen ,护工
wangwang ,16 ,16 ,19 ,1 ,333 ,321 ,wangwang123 ,老师
1 ,1 ,17 ,1 ,1 ,1 ,1 ,1 ,1
2 ,2 ,18 ,2 ,0 ,2 ,2 ,2 ,2
zzy ,123456 ,19 ,48 ,0 ,555 ,123 ,zzy123 ,老师
lyj ,321 ,20 ,38 ,0 ,555 ,123 ,lyj321 ,老师
hjw ,718726 ,21 ,18 ,1 ,111 ,407348353314 ,0 ,中公
pzy ,666666 ,22 ,18 ,1 ,111 ,407348353314 ,0 ,南大
wbw ,1537 ,23 ,19 ,1 ,222 ,15371537 ,wbw1537 ,学生
dxh ,0228 ,24 ,19 ,1 ,222 ,02280331 ,dxh0228 ,学生
dz ,666666 ,25 ,20 ,1 ,999 ,777 ,chunzhen ,护工
wangwang ,123456 ,26 ,19 ,1 ,333 ,321 ,wangwang123 ,老师
1 ,1 ,27 ,1 ,1 ,1 ,1 ,1 ,1
2 ,2 ,28 ,2 ,0 ,2 ,2 ,2 ,2
zzy ,123456 ,29 ,48 ,0 ,555 ,123 ,zzy123 ,老师
lyj ,321 ,30 ,38 ,0 ,555 ,123 ,lyj321 ,老师
